00000261772
00000363868
00000287295
00000264276
00000336762
00000400806
00000340297
00000351155
00000345728
00000358081
00000349351
00000354032
00000253233
00000280326
00000229379
00000299543
00000264161
00000354791
00000263035
00000338019
00000352721
00000352516
00000348965
00000242480
00000403396
00000304642
00000345008
00000342023
00000394487
00000230124
00000254108
00000366482
00000305692
00000248272
00000373918
00000220822
00000253408
00000354900
00000218516
00000232564
00000370023
00000325136
00000304668
00000304229
00000348697
00000249501
00000248553
00000303394
00000281938
00000005558
00000255078
00000363779
00000376410
00000325448
00000322791
00000263934
00000286452
00000377954
00000340118
00000357283
00000300417
00000262027
00000326767
00000235329
00000215862
00000353634
00000345752
00000319977
00000221169
00000358525
00000337452
00000287713
00000351486
00000263036
00000394382
00000387536
00000225873
00000366977
00000305152
00000308937
00000268124
00000361512
00000326018
00000361021
00000265062
00000165698
00000371729
00000368351
00000375097
00000256190
00000386306
00000326477
00000224140
00000362298
00000313025
00000277010
00000265195
00000346112
00000329452
00000348211
00000264047
00000270142
00000354130
00000320885
00000261866
00000262554
00000216484
00000361042
00000356236
00000240185
00000309913
00000337353
00000240851
00000350511
00000339659
00000261740
00000237014
00000252029
00000338413
00000417175
00000351777
00000313059
00000362576
