00000226840
00000261772
00000244571
00000377040
00000268251
00000355637
00000265316
00000253577
00000351717
00000218104
00000285093
00000367079
00000389813
00000264990
00000281182
00000312618
00000233710
00000409612
00000242592
00000357873
00000325395
00000265838
00000253792
00000216254
00000230048
00000238651
00000367086
00000368605
00000293217
00000358241
00000320646
00000301956
00000327453
00000289416
00000316924
00000261206
00000315118
00000269143
00000347581
00000364986
00000285518
00000302620
00000231420
00000287295
00000312370
00000335369
00000346921
00000371230
00000337736
00000225737
00000397009
00000309259
00000332369
00000360268
00000366927
00000258494
00000261733
00000345774
00000290597
00000314649
00000342564
00000387123
00000334424
00000273588
00000364126
00000357218
00000368528
00000407202
00000261783
00000378897
00000368030
00000311766
00000282050
00000262030
00000349142
00000215375
00000243997
00000358737
00000348205
00000377878
00000284727
00000301587
00000306003
00000389649
00000292475
00000300688
00000290299
00000308334
00000361005
00000417190
00000335203
00000364883
00000309103
00000363591
00000293288
00000322991
00000269980
00000318351
00000219794
00000329623
00000302564
00000260442
00000352219
00000350914
00000318822
00000386159
00000357625
00000370003
00000331369
00000345824
00000309595
00000253233
00000401770
00000376103
00000309649
00000314099
00000381412
00000251071
00000311984
00000257347
00000312664
00000357058
00000241052
00000306043
00000262570
00000295767
00000290913
00000363041
00000273986
00000391402
00000371113
00000300283
00000254035
00000363500
00000294053
00000245816
00000300107
00000365538
00000418348
00000256722
00000377404
00000409275
00000254759
00000300452
00000288532
00000333946
00000322316
00000262507
00000261643
00000299335
00000016171
00000261070
00000295890
00000342015
00000253452
00000365243
00000317780
00000258424
00000229379
00000287490
00000246554
00000320672
00000297564
00000292907
00000230459
00000234301
00000417656
00000247655
00000321260
00000340568
00000264193
00000402608
00000265641
00000312189
00000319343
00000360541
00000315013
00000368140
00000413575
00000008527
00000342056
00000308430
00000338461
00000317159
00000307786
00000268053
00000292427
00000325822
00000216862
00000258415
00000228606
00000315351
00000341692
00000355086
00000311117
00000359151
00000332340
00000220764
00000264093
00000319170
00000219240
00000344674
00000263035
00000392601
00000267169
00000280346
00000205402
00000335304
00000255189
00000345997
00000382133
00000262375
00000366800
00000368523
00000372005
00000266481
00000370376
00000343488
00000221418
00000357278
00000357535
00000270517
00000231887
00000337445
00000247161
00000361725
00000254928
00000343925
00000267950
00000346173
00000303552
00000292147
00000287675
00000372112
00000356096
00000274680
00000236980
00000229971
00000260270
00000377311
00000293195
00000372326
00000355518
00000344572
00000223136
00000222308
00000292180
00000263578
00000362344
00000313691
00000367284
00000366482
00000355996
00000323065
00000248924
00000222214
00000319531
00000220822
00000248114
00000419038
00000296805
00000351473
00000370737
00000356410
00000317379
00000310447
00000277865
00000327589
00000340200
00000389175
00000265070
00000245206
00000265276
00000352547
00000308610
00000345282
00000407375
00000346103
00000354313
00000264954
00000329558
00000254799
00000367415
00000222511
00000351644
00000312288
00000370023
00000325136
00000380514
00000230771
00000329002
00000326579
00000265395
00000352706
00000348697
00000338387
00000363614
00000358414
00000216027
00000168216
00000297185
00000340019
00000233893
00000258080
00000303279
00000301585
00000260985
00000331897
00000299518
00000370223
00000217901
00000342513
00000278200
00000329553
00000387262
00000365159
00000298818
00000310623
00000249760
00000325448
00000194118
00000250377
00000263934
00000309148
00000256078
00000267436
00000261893
00000265537
00000300051
00000305653
00000261434
00000367787
00000342071
00000353826
00000260665
00000355166
00000298910
00000219168
00000420026
00000368688
00000340684
00000367309
00000351813
00000282276
00000401980
00000290429
00000265594
00000343657
00000373004
00000244217
00000327070
00000321070
00000352657
00000263702
00000302037
00000263969
00000235329
00000371607
00000262430
00000281317
00000266839
00000301920
00000380318
00000233545
00000379669
00000247712
00000250156
00000315017
00000324100
00000308897
00000333837
00000306548
00000361084
00000260102
00000300151
00000288937
00000356001
00000377486
00000373404
00000341082
00000354580
00000411177
00000370930
00000354525
00000225969
00000199706
00000264995
00000311103
00000223324
00000252602
00000338389
00000372093
00000354086
00000308275
00000305682
00000253099
00000333401
00000360498
00000351506
00000339844
00000258383
00000308901
00000312311
00000417602
00000308717
00000279242
00000363999
00000229238
00000347277
00000258105
00000331849
00000355692
00000357823
00000053468
00000317376
00000308845
00000420714
00000362208
00000362036
00000285298
00000361206
00000397790
00000295491
00000241600
00000312395
00000310785
00000320184
00000318158
00000253686
00000369682
00000261413
00000276585
00000230914
00000315397
00000320567
00000380531
00000081029
00000256441
00000272418
00000382250
00000245539
00000258455
00000297908
00000313921
00000365693
00000347324
00000245564
00000354632
00000362718
00000303222
00000354499
00000354876
00000354982
00000354554
00000220058
00000266263
00000262146
00000323047
00000356290
00000377617
00000379108
00000263629
00000370508
00000354687
00000355046
00000355206
00000354961
00000354728
00000354813
00000354665
00000402038
00000354558
00000263063
00000368790
00000356202
00000262102
00000357360
00000249442
00000264198
00000274813
00000380702
00000293404
00000281038
00000328464
00000343479
00000218652
00000360492
00000252711
00000311740
00000330737
00000380364
00000252102
00000398290
00000339720
00000377411
00000347988
00000330937
00000301457
00000362873
00000266544
00000007516
00000260361
00000296597
00000323076
00000358272
00000330787
00000268668
00000276062
00000247866
00000237889
00000184266
00000259037
00000369176
00000215565
00000299166
00000276689
00000281031
00000233190
00000356972
00000263774
00000296684
00000362058
00000274137
00000233627
00000315774
00000322450
00000327268
00000346196
00000311997
00000385149
00000387219
00000292199
00000219479
00000416658
00000340523
00000264663
00000268605
00000419740
00000373674
00000281081
00000339503
00000349874
00000357838
00000222673
00000354681
00000319817
00000039007
00000285848
00000196371
00000280701
00000393559
00000315693
00000313377
00000340278
00000325421
00000355759
00000360327
00000377527
00000365462
00000251654
00000216780
00000309142
00000305459
00000394382
00000307241
00000227868
00000282077
00000007708
00000387536
00000005178
00000297598
00000309548
00000365388
00000358033
00000397881
00000321503
00000262764
00000300408
00000382362
00000218432
00000364204
00000266095
00000342793
00000317177
00000326119
00000360782
00000249269
00000393953
00000268124
00000317618
00000215591
00000343885
00000225174
00000295908
00000343943
00000378323
00000298510
00000368646
00000265462
00000302114
00000306124
00000349577
00000368190
00000292478
00000370013
00000254630
00000325958
00000376758
00000365837
00000247470
00000328858
00000342502
00000261890
00000356465
00000229340
00000218249
00000267868
00000336701
00000251849
00000358549
00000165698
00000265881
00000351132
00000321971
00000216274
00000356272
00000313350
00000295959
00000371471
00000358059
00000371729
00000345445
00000360938
00000221431
00000269298
00000255390
00000252785
00000360569
00000264932
00000368165
00000301761
00000364649
00000356953
00000364699
00000321674
00000356071
00000316905
00000358909
00000224807
00000347924
00000272433
00000212369
00000401303
00000333667
00000383256
00000372191
00000202967
00000368552
00000265113
00000215882
00000345580
00000225665
00000388658
00000265631
00000218197
00000342267
00000265870
00000390722
00000329033
00000319574
00000239451
00000326305
00000329452
00000322020
00000301454
00000264128
00000362159
00000336801
00000360398
00000359526
00000352167
00000228318
00000311856
00000281154
00000297578
00000306328
00000294454
00000308220
00000391521
00000290075
00000273158
00000366299
00000281456
00000344831
00000322649
00000326693
00000217909
00000352497
00000381782
00000348211
00000413049
00000360671
00000370808
00000359729
00000357754
00000354621
00000338345
00000270142
00000337127
00000274008
00000268704
00000309945
00000265304
00000276449
00000264657
00000324856
00000348886
00000259400
00000367923
00000377446
00000307432
00000352678
00000361042
00000256366
00000258975
00000358060
00000299328
00000324404
00000347444
00000309572
00000420588
00000356134
00000355471
00000357804
00000357807
00000257245
00000215570
00000356256
00000365766
00000320236
00000260867
00000414899
00000270538
00000318115
00000361993
00000280354
00000216463
00000299697
00000306887
00000306710
00000331288
00000312599
00000335261
00000355566
00000354204
00000216034
00000361900
00000252487
00000356966
00000384411
00000381856
00000351214
00000284320
00000328835
00000269305
00000263583
00000316840
00000246957
00000304997
00000261249
00000290846
00000251607
00000388330
00000328973
00000249042
00000261647
00000322439
00000363641
00000216185
00000383360
00000366006
00000262999
00000312029
00000323740
00000242576
00000332887
00000262946
00000287022
00000203407
00000268379
00000306397
00000309565
00000367934
00000311245
00000257548
00000380148
00000316092
00000265333
00000361686
00000388732
00000235521
00000352425
00000386609
00000349658
00000343392
00000320658
00000318480
