00000244571
00000253577
00000281182
00000312618
00000409612
00000242592
00000357873
00000325395
00000265838
00000269143
00000347581
00000346921
00000332369
00000261733
00000290597
00000314649
00000342564
00000273588
00000282050
00000243997
00000417190
00000364883
00000322991
00000269980
00000318351
00000329623
00000352219
00000331369
00000354223
00000309595
00000326052
00000253233
00000376103
00000367346
00000379430
00000309649
00000245816
00000377404
00000409275
00000333946
00000262507
00000261643
00000016171
00000365243
00000229379
00000246554
00000402608
00000265641
00000360541
00000315013
00000317159
00000307786
00000268053
00000292427
00000325822
00000216862
00000258415
00000228606
00000315351
00000355086
00000359151
00000220764
00000264093
00000219240
00000267169
00000280346
00000205402
00000255189
00000382133
00000372005
00000266481
00000343488
00000357535
00000337445
00000267950
00000346173
00000303552
00000292147
00000274680
00000236980
00000377311
00000355518
00000263578
00000222214
00000319531
00000248114
00000419038
00000370737
00000277865
00000308610
00000312288
00000370023
00000325136
00000230771
00000326579
00000352706
00000363614
00000358414
00000168216
00000340019
00000258080
00000331897
00000370223
00000310623
00000249760
00000325448
00000263934
00000267436
00000265537
00000260665
00000420026
00000368688
00000340684
00000282276
00000265594
00000343657
00000244217
00000321070
00000235329
00000281317
00000266839
00000301920
00000233545
00000264995
00000258383
00000362036
00000310785
00000220058
00000402038
00000263063
00000274813
00000293404
00000360492
00000252711
00000311740
00000330737
00000380364
00000252102
00000339720
00000266544
00000260361
00000296597
00000323076
00000358272
00000237889
00000276689
00000233190
00000356972
00000263774
00000296684
00000274137
00000233627
00000315774
00000322450
00000327268
00000281081
00000357838
00000222673
00000354681
00000319817
00000039007
00000196371
00000313377
00000340278
00000377527
00000365462
00000251654
00000216780
00000394382
00000307241
00000227868
00000387536
00000297598
00000365388
00000358033
00000364204
00000393953
00000268124
00000317618
00000343943
00000365837
00000328858
00000358549
00000356272
00000360938
00000221431
00000255390
00000252785
00000264932
00000368165
00000301761
00000364649
00000356953
00000364699
00000356071
00000347924
00000215882
00000388658
00000265631
00000342267
00000319574
00000326305
00000322020
00000228318
00000273158
00000281456
00000337127
00000268704
00000276449
00000367923
00000377446
00000361042
00000258975
00000361993
00000299697
00000306887
00000312599
00000290846
00000388330
00000261647
00000322439
00000262999
00000312029
00000323740
00000242576
00000287022
00000268379
00000367934
00000349658
00000320658
00000261249
00000264867
00000312649
00000287820
00000223190
